408,0
0.027723216,0.007534442
0.027939759,0.007316608
0.028160716,0.007103253
0.028385996,0.006894468
0.028615504,0.00669034
0.028849143,0.006490953
0.029086816,0.006296392
0.029328423,0.006106739
0.029573862,0.005922072
0.029823032,0.005742469
0.030075826,0.005568007
0.03033214,0.005398756
0.030591865,0.00523479
0.030854893,0.005076176
0.031121114,0.004922981
0.031390416,0.004775269
0.031662686,0.004633102
0.03193781,0.00449654
0.032215672,0.00436564
0.032496157,0.004240457
0.032779145,0.004121043
0.03306452,0.004007449
0.033352161,0.003899722
0.033641947,0.003797906
0.033933757,0.003702046
0.034227469,0.003612181
0.034522959,0.003528349
0.034820104,0.003450585
0.035118778,0.003378921
0.035418858,0.003313388
0.035720216,0.003254013
0.036022727,0.003200821
0.036326264,0.003153834
0.036630699,0.003113072
0.036935905,0.003078553
0.037241754,0.00305029
0.037548118,0.003028295
0.037854867,0.003012578
0.038161874,0.003003145
0.03846901,0.003
0.038480388,0.003
0.038491735,0.00300003
0.038503049,0.00300003
0.03851433,0.00300006
0.038525575,0.00300012
0.038536781,0.00300015
0.038547949,0.00300021
0.038559076,0.00300027
0.03857016,0.00300033
0.038581201,0.00300042
0.038592197,0.00300051
0.038603146,0.0030006
0.038614048,0.00300069
0.038624902,0.00300081
0.038635705,0.00300093
0.038646458,0.00300105
0.038657159,0.00300117
0.038667806,0.00300132
0.0386784,0.00300147
0.038688939,0.00300162
0.038699422,0.00300177
0.038709848,0.00300192
0.038720216,0.0030021
0.038730526,0.00300228
0.038740777,0.00300246
0.038750967,0.00300264
0.038761096,0.00300285
0.038771164,0.00300303
0.038781169,0.00300324
0.038791108,0.00300345
0.038800984,0.00300366
0.038810797,0.0030039
0.038820544,0.00300411
0.038830222,0.00300435
0.038839834,0.00300459
0.038849377,0.00300483
0.038858851,0.00300507
0.038868256,0.00300531
0.038877589,0.00300558
0.03888685,0.00300582
0.038896042,0.00300609
0.038905159,0.00300633
0.038914201,0.0030066
0.038923171,0.00300687
0.038932063,0.00300714
0.03894088,0.00300741
0.038949619,0.00300771
0.03895828,0.00300798
0.038966863,0.00300825
0.038975365,0.00300855
0.038983786,0.00300885
0.038992123,0.00300912
0.039000379,0.00300942
0.039008551,0.00300972
0.039016639,0.00300999
0.03902464,0.00301029
0.039032551,0.00301059
0.039040375,0.00301089
0.039048112,0.00301119
0.039055756,0.00301149
0.039063307,0.00301179
0.039070765,0.00301209
0.039078127,0.00301236
0.039085393,0.00301266
0.03909256,0.00301296
0.039099628,0.00301326
0.039106594,0.00301356
0.039113458,0.00301386
0.039120214,0.00301413
0.039126865,0.00301443
0.039133408,0.00301473
0.03913984,0.003015
0.039146155,0.0030153
0.039152356,0.00301557
0.03915844,0.00301584
0.039164401,0.00301614
0.039170239,0.00301641
0.039175951,0.00301668
0.039181531,0.00301692
0.039186979,0.00301719
0.039192289,0.00301746
0.039197455,0.0030177
0.039202477,0.00301794
0.039207346,0.00301818
0.039212062,0.00301842
0.039216613,0.00301863
0.039220996,0.00301887
0.039225202,0.00301908
0.039229225,0.00301929
0.039233053,0.00301947
0.03923668,0.00301965
0.039240085,0.00301983
0.039243259,0.00302001
0.039246181,0.00302016
0.039248824,0.00302028
0.039251158,0.0030204
0.039253132,0.00302052
0.039254665,0.00302058
0.039255604,0.00302064
0.039256381,0.00302067
0.039257881,0.00302076
0.03925984,0.00302085
0.039262171,0.00302097
0.039264817,0.00302112
0.039267748,0.00302127
0.039270937,0.00302145
0.039274366,0.00302163
0.039278023,0.00302184
0.03928189,0.00302205
0.039285961,0.00302226
0.039290227,0.0030225
0.039294679,0.00302274
0.039299311,0.00302301
0.039304117,0.00302325
0.039309091,0.00302355
0.03931423,0.00302382
0.039319528,0.00302412
0.039324982,0.00302445
0.039330589,0.00302475
0.039336346,0.00302511
0.039342247,0.00302544
0.039348295,0.0030258
0.039354481,0.00302616
0.039360808,0.00302652
0.039367273,0.00302691
0.03937387,0.00302733
0.039380602,0.00302772
0.039387466,0.00302814
0.039394459,0.00302859
0.039401581,0.00302901
0.039408829,0.00302946
0.039416203,0.00302994
0.0394237,0.00303042
0.039431323,0.0030309
0.039439066,0.00303141
0.039446929,0.00303192
0.039454915,0.00303243
0.039463018,0.00303297
0.039471238,0.00303351
0.039479578,0.00303408
0.039488035,0.00303465
0.039496606,0.00303525
0.039505291,0.00303585
0.039514093,0.00303645
0.039523009,0.00303708
0.039532039,0.00303771
0.03954118,0.00303837
0.039550435,0.00303903
0.039559801,0.00303972
0.039569278,0.00304041
0.039578866,0.00304113
0.039588565,0.00304185
0.039598375,0.00304257
0.039608293,0.00304332
0.039618322,0.0030441
0.039628462,0.00304488
0.039638707,0.00304569
0.039649063,0.0030465
0.039659527,0.00304731
0.039670102,0.00304815
0.039680782,0.00304902
0.03969157,0.00304989
0.039702466,0.00305079
0.03971347,0.00305172
0.039724582,0.00305265
0.039735799,0.00305358
0.039747127,0.00305454
0.03975856,0.00305553
0.039765772,0.00305616
0.039770098,0.00305652
0.039781735,0.00305754
0.039793465,0.00305856
0.039805288,0.00305958
0.039817207,0.0030606
0.039829219,0.00306165
0.039841324,0.0030627
0.039853522,0.00306375
0.039865816,0.0030648
0.0398782,0.00306588
0.03989068,0.00306693
0.03990325,0.00306801
0.039915916,0.00306912
0.039928672,0.0030702
0.039941524,0.00307131
0.039954466,0.00307239
0.039967501,0.0030735
0.039980629,0.00307464
0.039993853,0.00307575
0.040007167,0.00307689
0.040020574,0.00307803
0.040034074,0.00307917
0.040047667,0.00308031
0.040061353,0.00308148
0.040075132,0.00308262
0.040089004,0.00308379
0.040102969,0.00308496
0.040117027,0.00308616
0.040131181,0.00308733
0.040145428,0.00308853
0.040200976,0.00309315
0.040253947,0.0030975
0.040304857,0.0031017
0.040353886,0.00310566
0.040401139,0.0031095
0.040447033,0.00311316
0.040491508,0.0031167
0.040534882,0.00312012
0.040577026,0.00312342
0.040618243,0.0031266
0.040658506,0.00312972
0.040697926,0.00313272
0.040736572,0.00313566
0.040774393,0.00313848
0.040811548,0.00314127
0.040847983,0.00314397
0.040883869,0.00314658
0.040919104,0.00314916
0.040953754,0.00315165
0.040987861,0.00315408
0.041021467,0.00315648
0.041054584,0.00315879
0.04108723,0.00316107
0.041119432,0.00316329
0.04115119,0.00316548
0.041182507,0.00316761
0.041213386,0.00316968
0.041243845,0.00317172
0.041273995,0.0031737
0.041303713,0.00317565
0.041333047,0.00317754
0.041362075,0.00317943
0.041390665,0.00318126
0.041419021,0.00318303
0.04144693,0.00318477
0.04147462,0.00318651
0.04150189,0.00318819
0.04152889,0.00318981
0.04155559,0.00319143
0.0415819,0.00319299
0.041608,0.00319455
0.04163377,0.00319605
0.04165921,0.00319755
0.04168435,0.00319899
0.04170925,0.0032004
0.04173385,0.00320178
0.04175815,0.00320316
0.04178215,0.00320448
0.04180585,0.00320577
0.04182931,0.00320706
0.04185247,0.00320829
0.04187539,0.00320952
0.04189798,0.00321072
0.0419203,0.00321186
0.04194235,0.003213
0.04196413,0.00321414
0.04198561,0.00321522
0.04200682,0.00321627
0.04202773,0.00321732
0.04204837,0.00321834
0.04206874,0.00321933
0.04208881,0.00322029
0.04210858,0.00322125
0.04212811,0.00322215
0.04214734,0.00322305
0.04216627,0.00322395
0.0421849,0.00322479
0.0422032,0.00322563
0.04222123,0.00322644
0.04223896,0.00322722
0.04225639,0.003228
0.04227346,0.00322875
0.04229023,0.00322947
0.0423067,0.00323019
0.04232284,0.00323088
0.04233859,0.00323154
0.0423541,0.00323217
0.04236919,0.0032328
0.04238392,0.0032334
0.04239832,0.003234
0.0424123,0.00323457
0.04242598,0.00323511
0.04243918,0.00323562
0.04245202,0.00323613
0.04246444,0.00323661
0.04247641,0.00323709
0.04248793,0.00323751
0.042499,0.00323793
0.04250953,0.00323835
0.04251964,0.00323871
0.04252915,0.00323907
0.04253809,0.0032394
0.04254643,0.0032397
0.04255408,0.00324
0.04256101,0.00324024
0.04256713,0.00324048
0.04257232,0.00324066
0.04257631,0.00324081
0.04257877,0.0032409
0.04258081,0.00324096
0.04258474,0.00324111
0.0425899,0.00324129
0.04259599,0.0032415
0.04260292,0.00324174
0.04261057,0.00324201
0.04261894,0.00324231
0.04262791,0.00324261
0.04263745,0.00324294
0.04264759,0.0032433
0.04265821,0.00324366
0.04266937,0.00324405
0.04268098,0.00324444
0.0426931,0.00324483
0.04270564,0.00324525
0.04271863,0.00324567
0.04273201,0.00324609
0.04274584,0.00324654
0.04276003,0.00324699
0.04277467,0.00324744
0.04278964,0.00324789
0.042805,0.00324837
0.04282075,0.00324882
0.04283683,0.0032493
0.0428533,0.00324978
0.0428701,0.00325026
0.04288723,0.00325074
0.04290475,0.00325122
0.04292254,0.0032517
0.04294069,0.00325221
0.04295917,0.00325269
0.04297798,0.00325317
0.04299706,0.00325365
0.04301653,0.00325413
0.04303627,0.00325461
0.04305631,0.00325509
0.04307668,0.00325554
0.04309738,0.00325602
0.04311835,0.00325647
0.04313959,0.00325695
0.04316116,0.0032574
0.04318303,0.00325782
0.0432052,0.00325827
0.04322767,0.00325869
0.04325041,0.00325911
0.04327342,0.00325953
0.04329676,0.00325992
0.04332037,0.00326031
0.04334428,0.0032607
0.04336846,0.00326106
0.04339291,0.00326142
0.04341766,0.00326178
0.04344268,0.00326211
0.043468,0.00326241
0.04349362,0.00326271
0.04351951,0.00326301
0.04354567,0.00326328
0.0435721,0.00326352
0.0435988,0.00326376
0.0436258,0.00326397
0.04365307,0.00326418
0.04368061,0.00326436
0.04370848,0.00326454
0.04373659,0.00326466
0.043765,0.00326478
0.04379368,0.0032649
0.04382263,0.00326496
0.04385188,0.00326502
0.0438814,0.00326505
0.0439,0.00326505
